000LW LOG-ME-SP CAIXA-POSTAL-MODELO   SP EQUIPAMEN CAIXA-POSTAL-MODELO   2302221055OCO23021055                         
340OCORR23021055                                                                                                       
34113559178000119LW LOGISTICA E TRANSPORTES LTDA (ME-SP)                                                                
34259609123002463001000062760001022022092703                                                                            
34259609123002463001000062770001022022092703                                                                            
34259609123002463001000063980001022022092703                                                                            
34259609123002463001000062710001022022100403                                                                            
34259609123002463001000062920001022022100403                                                                            
34259609123002463001000063010001022022100403                                                                            
34259609123002463001000063060001022022100403                                                                            
34259609123002463001000063120001022022100403                                                                            
34259609123002463001000063200001022022100403                                                                            
34259609123002463001000063230001022022100403                                                                            
34259609123002463001000063260001022022100403                                                                            
34259609123002463001000063310001022022100403                                                                            
34259609123002463001000063340001022022100403                                                                            
34259609123002463001000063420001022022100403                                                                            
34259609123002463001000063430001022022100403                                                                            
34259609123002463001000063500001022022100403                                                                            
34259609123002463001000063520001022022100403                                                                            
34259609123002463001000063550001022022100403                                                                            
34259609123002463001000063570001022022100403                                                                            
34259609123002463001000063580001022022100403                                                                            
34259609123002463001000063590001022022100403                                                                            
34259609123002463001000063610001022022100403                                                                            
34259609123002463001000063640001022022100403                                                                            
34259609123002463001000063650001022022100403                                                                            
34259609123002463001000063700001022022100403                                                                            
34259609123002463001000063710001022022100403                                                                            
34259609123002463001000063740001022022100403                                                                            
34259609123002463001000063750001022022100403                                                                            
34259609123002463001000063760001022022100403                                                                            
34259609123002463001000063790001022022100403                                                                            
34259609123002463001000063820001022022100403                                                                            
34259609123002463001000063880001022022100403                                                                            
34259609123002463001000063890001022022100403                                                                            
34259609123002463001000063920001022022100403                                                                            
34259609123002463001000063940001022022100403                                                                            
34259609123002463001000063990001022022100403                                                                            
34259609123002463001000064060001022022100403                                                                            
34259609123002463001000064090001022022100403                                                                            
34259609123002463001000064130001022022100403                                                                            
34259609123002463001000064170001022022100403                                                                            
34259609123002463001000064240001022022100403                                                                            
34259609123002463001000064270001022022100403                                                                            
34259609123002463001000064350001022022100403                                                                            
34259609123002463001000064360001022022100403                                                                            
34259609123002463001000062710101022022170003                                                                            
34259609123002463001000062920101022022170003                                                                            
34259609123002463001000063010101022022170003                                                                            
34259609123002463001000063060101022022170003                                                                            
34259609123002463001000063120101022022170003                                                                            
34259609123002463001000063200101022022170003                                                                            
34259609123002463001000063230101022022170003                                                                            
34259609123002463001000063260101022022170003                                                                            
34259609123002463001000063310101022022170003                                                                            
34259609123002463001000063340101022022170003                                                                            
34259609123002463001000063420101022022170003                                                                            
34259609123002463001000063430101022022170003                                                                            
34259609123002463001000063500101022022170003                                                                            
34259609123002463001000063520101022022170003                                                                            
34259609123002463001000063550101022022170003                                                                            
34259609123002463001000063570101022022170003                                                                            
34259609123002463001000063580101022022170003                                                                            
34259609123002463001000063590101022022170003                                                                            
34259609123002463001000063610101022022170003                                                                            
34259609123002463001000063640101022022170003                                                                            
34259609123002463001000063650101022022170003                                                                            
34259609123002463001000063700101022022170003                                                                            
34259609123002463001000063710101022022170003                                                                            
34259609123002463001000063740101022022170003                                                                            
34259609123002463001000063750101022022170003                                                                            
34259609123002463001000063760101022022170003                                                                            
34259609123002463001000063790101022022170003                                                                            
34259609123002463001000063820101022022170003                                                                            
34259609123002463001000063880101022022170003                                                                            
34259609123002463001000063890101022022170003                                                                            
34259609123002463001000063920101022022170003                                                                            
34259609123002463001000063940101022022170003                                                                            
34259609123002463001000063990101022022170003                                                                            
34259609123002463001000064060101022022170003                                                                            
34259609123002463001000064090101022022170003                                                                            
34259609123002463001000064130101022022170003                                                                            
34259609123002463001000064170101022022170003                                                                            
34259609123002463001000064240101022022170003                                                                            
34259609123002463001000064270101022022170003                                                                            
34259609123002463001000064350101022022170003                                                                            
34259609123002463001000064360101022022170003                                                                            
34259609123002463001000062790002022022092703                                                                            
34259609123002463001000062860002022022092703                                                                            
34259609123002463001000063130002022022092703                                                                            
34259609123002463001000063140002022022092703                                                                            
34259609123002463001000063150002022022092703                                                                            
34259609123002463001000063270002022022092703                                                                            
34259609123002463001000063300002022022092703                                                                            
34259609123002463001000063330002022022092703                                                                            
34259609123002463001000063470002022022092703                                                                            
34259609123002463001000063560002022022092703                                                                            
34259609123002463001000063600002022022092703                                                                            
34259609123002463001000063660002022022092703                                                                            
34259609123002463001000063730002022022092703                                                                            
34259609123002463001000063810002022022092703                                                                            
34259609123002463001000063830002022022092703                                                                            
34259609123002463001000063970002022022092703                                                                            
34259609123002463001000064100002022022092703                                                                            
34259609123002463001000064110002022022092703                                                                            
34259609123002463001000064200002022022092703                                                                            
34259609123002463001000064210002022022092703                                                                            
34259609123002463001000064220002022022092703                                                                            
34259609123002463001000064260002022022092703                                                                            
34259609123002463001000064310002022022092703                                                                            
34259609123002463001000064320002022022092703                                                                            
34259609123002463001000064440002022022092703                                                                            
34259609123002463001000064500002022022094303                                                                            
34259609123002463001000064510002022022094303                                                                            
34259609123002463001000064520002022022094303                                                                            
34259609123002463001000064530002022022094303                                                                            
34259609123002463001000064570002022022094303                                                                            
34259609123002463001000064580002022022094303                                                                            
34259609123002463001000062760102022022170003                                                                            
34259609123002463001000062770102022022170003                                                                            
34259609123002463001000062790102022022170003                                                                            
34259609123002463001000062860102022022170003                                                                            
34259609123002463001000063130102022022170003                                                                            
34259609123002463001000063140102022022170003                                                                            
34259609123002463001000063150102022022170003                                                                            
34259609123002463001000063270102022022170003                                                                            
34259609123002463001000063300102022022170003                                                                            
34259609123002463001000063330102022022170003                                                                            
34259609123002463001000063470102022022170003                                                                            
34259609123002463001000063560102022022170003                                                                            
34259609123002463001000063600102022022170003                                                                            
34259609123002463001000063660102022022170003                                                                            
34259609123002463001000063730102022022170003                                                                            
34259609123002463001000063810102022022170003                                                                            
34259609123002463001000063830102022022170003                                                                            
34259609123002463001000063970102022022170003                                                                            
34259609123002463001000063980102022022170003                                                                            
34259609123002463001000064100102022022170003                                                                            
34259609123002463001000064110102022022170003                                                                            
34259609123002463001000064200102022022170003                                                                            
34259609123002463001000064210102022022170003                                                                            
34259609123002463001000064220102022022170003                                                                            
34259609123002463001000064260102022022170003                                                                            
34259609123002463001000064310102022022170003                                                                            
34259609123002463001000064320102022022170003                                                                            
34259609123002463001000064440102022022170003                                                                            
34259609123002463001000064500102022022170003                                                                            
34259609123002463001000064510102022022170003                                                                            
34259609123002463001000064520102022022170003                                                                            
34259609123002463001000064530102022022170003                                                                            
34259609123002463001000064570102022022170003                                                                            
34259609123002463001000064580102022022170003                                                                            
34259609123002463001000063210003022022084203                                                                            
34259609123002463001000063220003022022084203                                                                            
34259609123002463001000063280003022022084203                                                                            
34259609123002463001000063290003022022084203                                                                            
34259609123002463001000063320003022022084203                                                                            
34259609123002463001000063350003022022084203                                                                            
34259609123002463001000063360003022022084203                                                                            
34259609123002463001000063370003022022084203                                                                            
34259609123002463001000063380003022022084203                                                                            
34259609123002463001000063390003022022084203                                                                            
34259609123002463001000063400003022022084203                                                                            
34259609123002463001000063410003022022084203                                                                            
34259609123002463001000063440003022022084203                                                                            
34259609123002463001000063450003022022084203                                                                            
34259609123002463001000063460003022022084203                                                                            
34259609123002463001000063480003022022084203                                                                            
34259609123002463001000063490003022022084203                                                                            
34259609123002463001000063510003022022084203                                                                            
34259609123002463001000063530003022022084203                                                                            
34259609123002463001000063620003022022084203                                                                            
34259609123002463001000063630003022022084203                                                                            
34259609123002463001000063670003022022084203                                                                            
34259609123002463001000063690003022022084203                                                                            
34259609123002463001000063720003022022084203                                                                            
34259609123002463001000063770003022022084203                                                                            
34259609123002463001000063780003022022084203                                                                            
34259609123002463001000063840003022022084203                                                                            
34259609123002463001000063850003022022084203                                                                            
34259609123002463001000063860003022022084203                                                                            
34259609123002463001000063870003022022084203                                                                            
34259609123002463001000063900003022022084203                                                                            
34259609123002463001000063910003022022084203                                                                            
34259609123002463001000063930003022022084203                                                                            
34259609123002463001000063930003022022084203                                                                            
34259609123002463001000063950003022022084203                                                                            
34259609123002463001000064050003022022084203                                                                            
34259609123002463001000064080003022022084203                                                                            
34259609123002463001000064120003022022084203                                                                            
34259609123002463001000064180003022022084203                                                                            
34259609123002463001000064250003022022084203                                                                            
34259609123002463001000064330003022022084203                                                                            
34259609123002463001000064370003022022084203                                                                            
34259609123002463001000064380003022022084203                                                                            
34259609123002463001000064390003022022084203                                                                            
34259609123002463001000064410003022022084203                                                                            
34259609123002463001000064420003022022084203                                                                            
34259609123002463001000064010003022022094303                                                                            
34259609123002463001000064040003022022094303                                                                            
34259609123002463001000064070003022022094303                                                                            
34259609123002463001000064230003022022094303                                                                            
34259609123002463001000064540003022022094303                                                                            
34259609123002463001000063210103022022170003                                                                            
34259609123002463001000063220103022022170003                                                                            
34259609123002463001000063280103022022170003                                                                            
34259609123002463001000063290103022022170003                                                                            
34259609123002463001000063320103022022170003                                                                            
34259609123002463001000063350103022022170003                                                                            
34259609123002463001000063360103022022170003                                                                            
34259609123002463001000063370103022022170003                                                                            
34259609123002463001000063380103022022170003                                                                            
34259609123002463001000063390103022022170003                                                                            
34259609123002463001000063400103022022170003                                                                            
34259609123002463001000063410103022022170003                                                                            
34259609123002463001000063440103022022170003                                                                            
34259609123002463001000063450103022022170003                                                                            
34259609123002463001000063460103022022170003                                                                            
34259609123002463001000063480103022022170003                                                                            
34259609123002463001000063490103022022170003                                                                            
34259609123002463001000063510103022022170003                                                                            
34259609123002463001000063530103022022170003                                                                            
34259609123002463001000063620103022022170003                                                                            
34259609123002463001000063630103022022170003                                                                            
34259609123002463001000063670103022022170003                                                                            
34259609123002463001000063690103022022170003                                                                            
34259609123002463001000063720103022022170003                                                                            
34259609123002463001000063770103022022170003                                                                            
34259609123002463001000063780103022022170003                                                                            
34259609123002463001000063840103022022170003                                                                            
34259609123002463001000063850103022022170003                                                                            
34259609123002463001000063860103022022170003                                                                            
34259609123002463001000063870103022022170003                                                                            
34259609123002463001000063900103022022170003                                                                            
34259609123002463001000063910103022022170003                                                                            
34259609123002463001000063930103022022170003                                                                            
34259609123002463001000063930103022022170003                                                                            
34259609123002463001000063950103022022170003                                                                            
34259609123002463001000064010103022022170003                                                                            
34259609123002463001000064040103022022170003                                                                            
34259609123002463001000064050103022022170003                                                                            
34259609123002463001000064070103022022170003                                                                            
34259609123002463001000064080103022022170003                                                                            
34259609123002463001000064120103022022170003                                                                            
34259609123002463001000064180103022022170003                                                                            
34259609123002463001000064230103022022170003                                                                            
34259609123002463001000064250103022022170003                                                                            
34259609123002463001000064330103022022170003                                                                            
34259609123002463001000064370103022022170003                                                                            
34259609123002463001000064380103022022170003                                                                            
34259609123002463001000064390103022022170003                                                                            
34259609123002463001000064410103022022170003                                                                            
34259609123002463001000064420103022022170003                                                                            
34259609123002463001000064540103022022170003                                                                            
34259609123002463001000063180004022022090403                                                                            
34259609123002463001000063190004022022090403                                                                            
34259609123002463001000063540004022022090403                                                                            
34259609123002463001000063680004022022090403                                                                            
34259609123002463001000063800004022022090403                                                                            
34259609123002463001000064000004022022090403                                                                            
34259609123002463001000064020004022022090403                                                                            
34259609123002463001000064030004022022090403                                                                            
34259609123002463001000064150004022022090403                                                                            
34259609123002463001000064190004022022090403                                                                            
34259609123002463001000064400004022022090403                                                                            
34259609123002463001000064430004022022090403                                                                            
34259609123002463001000064590004022022090403                                                                            
34259609123002463001000064600004022022090403                                                                            
34259609123002463001000064610004022022090403                                                                            
34259609123002463001000064620004022022090403                                                                            
34259609123002463001000064640004022022090403                                                                            
34259609123002463001000064650004022022090403                                                                            
34259609123002463001000064660004022022090403                                                                            
34259609123002463001000064670004022022090403                                                                            
34259609123002463001000064680004022022090403                                                                            
34259609123002463001000064690004022022090403                                                                            
34259609123002463001000064730004022022090403                                                                            
34259609123002463001000064740004022022090403                                                                            
34259609123002463001000064750004022022090403                                                                            
34259609123002463001000064760004022022090403                                                                            
34259609123002463001000064770004022022090403                                                                            
34259609123002463001000064780004022022090403                                                                            
34259609123002463001000064790004022022090403                                                                            
34259609123002463001000064800004022022090403                                                                            
34259609123002463001000064820004022022090403                                                                            
34259609123002463001000064930004022022090403                                                                            
34259609123002463001000063180104022022170003                                                                            
34259609123002463001000063190104022022170003                                                                            
34259609123002463001000063540104022022170003                                                                            
34259609123002463001000063680104022022170003                                                                            
34259609123002463001000063800104022022170003                                                                            
34259609123002463001000064000104022022170003                                                                            
34259609123002463001000064020104022022170003                                                                            
34259609123002463001000064030104022022170003                                                                            
34259609123002463001000064150104022022170003                                                                            
34259609123002463001000064190104022022170003                                                                            
34259609123002463001000064400104022022170003                                                                            
34259609123002463001000064430104022022170003                                                                            
34259609123002463001000064590104022022170003                                                                            
34259609123002463001000064600104022022170003                                                                            
34259609123002463001000064610104022022170003                                                                            
34259609123002463001000064620104022022170003                                                                            
34259609123002463001000064640104022022170003                                                                            
34259609123002463001000064650104022022170003                                                                            
34259609123002463001000064660104022022170003                                                                            
34259609123002463001000064670104022022170003                                                                            
34259609123002463001000064680104022022170003                                                                            
34259609123002463001000064690104022022170003                                                                            
34259609123002463001000064730104022022170003                                                                            
34259609123002463001000064740104022022170003                                                                            
34259609123002463001000064750104022022170003                                                                            
34259609123002463001000064760104022022170003                                                                            
34259609123002463001000064770104022022170003                                                                            
34259609123002463001000064780104022022170003                                                                            
34259609123002463001000064790104022022170003                                                                            
34259609123002463001000064800104022022170003                                                                            
34259609123002463001000064820104022022170003                                                                            
34259609123002463001000064930104022022170003                                                                            
34259609123002463001000064470007022022091503                                                                            
34259609123002463001000064480007022022091503                                                                            
34259609123002463001000064550007022022091503                                                                            
34259609123002463001000064560007022022091503                                                                            
34259609123002463001000064630007022022091503                                                                            
34259609123002463001000064700007022022091503                                                                            
34259609123002463001000064710007022022091503                                                                            
34259609123002463001000064720007022022091503                                                                            
34259609123002463001000065260007022022091503                                                                            
34259609123002463001000064470107022022170003                                                                            
34259609123002463001000064480107022022170003                                                                            
34259609123002463001000064550107022022170003                                                                            
34259609123002463001000064560107022022170003                                                                            
34259609123002463001000064630107022022170003                                                                            
34259609123002463001000064700107022022170003                                                                            
34259609123002463001000064710107022022170003                                                                            
34259609123002463001000064720107022022170003                                                                            
34259609123002463001000065260107022022170003                                                                            
34259609123002463001000046570009022022092503                                                                            
34259609123002463001000064920009022022092503                                                                            
34259609123002463001000065020009022022092503                                                                            
34259609123002463001000065040009022022092503                                                                            
34259609123002463001000065050009022022092503                                                                            
34259609123002463001000065070009022022092503                                                                            
34259609123002463001000065220009022022092503                                                                            
34259609123002463001000065240009022022092503                                                                            
34259609123002463001000065370009022022092503                                                                            
34259609123002463001000065420009022022092503                                                                            
34259609123002463001000046570109022022170003                                                                            
34259609123002463001000064920109022022170003                                                                            
34259609123002463001000065020109022022170003                                                                            
34259609123002463001000065040109022022170003                                                                            
34259609123002463001000065050109022022170003                                                                            
34259609123002463001000065070109022022170003                                                                            
34259609123002463001000065220109022022170003                                                                            
34259609123002463001000065240109022022170003                                                                            
34259609123002463001000065370109022022170003                                                                            
34259609123002463001000065420109022022170003                                                                            
34259609123002463001000064970010022022093903                                                                            
34259609123002463001000064980010022022093903                                                                            
34259609123002463001000064990010022022093903                                                                            
34259609123002463001000065000010022022093903                                                                            
34259609123002463001000065010010022022093903                                                                            
34259609123002463001000065030010022022093903                                                                            
34259609123002463001000065060010022022093903                                                                            
34259609123002463001000065080010022022093903                                                                            
34259609123002463001000065090010022022093903                                                                            
34259609123002463001000065100010022022093903                                                                            
34259609123002463001000065110010022022093903                                                                            
34259609123002463001000065120010022022093903                                                                            
34259609123002463001000065130010022022093903                                                                            
34259609123002463001000065140010022022093903                                                                            
34259609123002463001000065150010022022093903                                                                            
34259609123002463001000065160010022022093903                                                                            
34259609123002463001000065170010022022093903                                                                            
34259609123002463001000065180010022022093903                                                                            
34259609123002463001000065190010022022093903                                                                            
34259609123002463001000065200010022022093903                                                                            
34259609123002463001000065210010022022093903                                                                            
34259609123002463001000065250010022022093903                                                                            
34259609123002463001000065310010022022093903                                                                            
34259609123002463001000065440010022022093903                                                                            
34259609123002463001000064970110022022170003                                                                            
34259609123002463001000064980110022022170003                                                                            
34259609123002463001000064990110022022170003                                                                            
34259609123002463001000065000110022022170003                                                                            
34259609123002463001000065010110022022170003                                                                            
34259609123002463001000065030110022022170003                                                                            
34259609123002463001000065060110022022170003                                                                            
34259609123002463001000065080110022022170003                                                                            
34259609123002463001000065090110022022170003                                                                            
34259609123002463001000065100110022022170003                                                                            
34259609123002463001000065110110022022170003                                                                            
34259609123002463001000065120110022022170003                                                                            
34259609123002463001000065130110022022170003                                                                            
34259609123002463001000065140110022022170003                                                                            
34259609123002463001000065150110022022170003                                                                            
34259609123002463001000065160110022022170003                                                                            
34259609123002463001000065170110022022170003                                                                            
34259609123002463001000065180110022022170003                                                                            
34259609123002463001000065190110022022170003                                                                            
34259609123002463001000065200110022022170003                                                                            
34259609123002463001000065210110022022170003                                                                            
34259609123002463001000065250110022022170003                                                                            
34259609123002463001000065310110022022170003                                                                            
34259609123002463001000065440110022022170003                                                                            
34259609123002463001000065480011022022084803                                                                            
34259609123002463001000065490011022022084803                                                                            
34259609123002463001000065500011022022084803                                                                            
34259609123002463001000065520011022022084803                                                                            
34259609123002463001000065540011022022084803                                                                            
34259609123002463001000065600011022022084803                                                                            
34259609123002463001000065620011022022084803                                                                            
34259609123002463001000065650011022022084803                                                                            
34259609123002463001000065670011022022084803                                                                            
34259609123002463001000065680011022022084803                                                                            
34259609123002463001000065690011022022084803                                                                            
34259609123002463001000065700011022022084803                                                                            
34259609123002463001000065480111022022170003                                                                            
34259609123002463001000065490111022022170003                                                                            
34259609123002463001000065500111022022170003                                                                            
34259609123002463001000065520111022022170003                                                                            
34259609123002463001000065540111022022170003                                                                            
34259609123002463001000065600111022022170003                                                                            
34259609123002463001000065620111022022170003                                                                            
34259609123002463001000065650111022022170003                                                                            
34259609123002463001000065670111022022170003                                                                            
34259609123002463001000065680111022022170003                                                                            
34259609123002463001000065690111022022170003                                                                            
34259609123002463001000065700111022022170003                                                                            
34259609123002463001000065290014022022084803                                                                            
34259609123002463001000065350014022022084803                                                                            
34259609123002463001000065660014022022084803                                                                            
34259609123002463001000065710014022022084803                                                                            
34259609123002463001000065730014022022084803                                                                            
34259609123002463001000065740014022022084803                                                                            
34259609123002463001000065750014022022084803                                                                            
34259609123002463001000065760014022022084803                                                                            
34259609123002463001000065770014022022084803                                                                            
34259609123002463001000065790014022022084803                                                                            
34259609123002463001000065810014022022084803                                                                            
34259609123002463001000065820014022022084803                                                                            
34259609123002463001000065870014022022084803                                                                            
34259609123002463001000065880014022022084803                                                                            
34259609123002463001000065900014022022084803                                                                            
34259609123002463001000065910014022022084803                                                                            
34259609123002463001000065940014022022084803                                                                            
34259609123002463001000065980014022022084803                                                                            
34259609123002463001000065990014022022084803                                                                            
34259609123002463001000066000014022022084803                                                                            
34259609123002463001000066010014022022084803                                                                            
34259609123002463001000066050014022022084803                                                                            
34259609123002463001000670830014022022084803                                                                            
34259609123002463001000065290114022022170003                                                                            
34259609123002463001000065350114022022170003                                                                            
34259609123002463001000065660114022022170003                                                                            
34259609123002463001000065710114022022170003                                                                            
34259609123002463001000065730114022022170003                                                                            
34259609123002463001000065740114022022170003                                                                            
34259609123002463001000065750114022022170003                                                                            
34259609123002463001000065760114022022170003                                                                            
34259609123002463001000065770114022022170003                                                                            
34259609123002463001000065790114022022170003                                                                            
34259609123002463001000065810114022022170003                                                                            
34259609123002463001000065820114022022170003                                                                            
34259609123002463001000065870114022022170003                                                                            
34259609123002463001000065880114022022170003                                                                            
34259609123002463001000065900114022022170003                                                                            
34259609123002463001000065910114022022170003                                                                            
34259609123002463001000065940114022022170003                                                                            
34259609123002463001000065980114022022170003                                                                            
34259609123002463001000065990114022022170003                                                                            
34259609123002463001000066000114022022170003                                                                            
34259609123002463001000066010114022022170003                                                                            
34259609123002463001000066050114022022170003                                                                            
34259609123002463001000670830114022022170003                                                                            
