000SP PARA                            CX-POSTAL-TESTE                    1602221120OCO16021120                         
340OCORR16021120                                                                                                       
34113559178000119LW LOGISTICA E TRANSPORTES LTDA (ME-SP)                                                                
34213559178000119001000066870103012022170003                                                                            
34213559178000119001000066940005012022092003                                                                            
34213559178000119001000066940005012022092003                                                                            
34213559178000119001000066940005012022092003                                                                            
34213559178000119001000066940005012022092003                                                                            
34213559178000119001000066950005012022092003                                                                            
34213559178000119001000066950005012022092003                                                                            
34213559178000119001000066950005012022092003                                                                            
34213559178000119001000066950005012022092003                                                                            
34213559178000119001000066950005012022092003                                                                            
34213559178000119001000066950005012022092003                                                                            
34213559178000119001000066950005012022092003                                                                            
34213559178000119001000066950005012022092003                                                                            
34213559178000119001000066950005012022092003                                                                            
34213559178000119001000066940105012022170003                                                                            
34213559178000119001000066940105012022170003                                                                            
34213559178000119001000066940105012022170003                                                                            
34213559178000119001000066940105012022170003                                                                            
34213559178000119001000066950105012022170003                                                                            
34213559178000119001000066950105012022170003                                                                            
34213559178000119001000066950105012022170003                                                                            
34213559178000119001000066950105012022170003                                                                            
34213559178000119001000066950105012022170003                                                                            
34213559178000119001000066950105012022170003                                                                            
34213559178000119001000066950105012022170003                                                                            
34213559178000119001000066950105012022170003                                                                            
34213559178000119001000066950105012022170003                                                                            
34213559178000119001000066960007012022090503                                                                            
34213559178000119001000066960007012022090503                                                                            
34213559178000119001000066960007012022090503                                                                            
34213559178000119001000066960007012022090503                                                                            
34213559178000119001000066960007012022090503                                                                            
34213559178000119001000066960007012022090503                                                                            
34213559178000119001000066970007012022090503                                                                            
34213559178000119001000066970007012022090503                                                                            
34213559178000119001000066970007012022090503                                                                            
34213559178000119001000066970007012022090503                                                                            
34213559178000119001000066970007012022090503                                                                            
34213559178000119001000066970007012022090503                                                                            
34213559178000119001000066970007012022090503                                                                            
34213559178000119001000066980007012022090503                                                                            
34213559178000119001000066980007012022090503                                                                            
34213559178000119001000066980007012022090503                                                                            
34213559178000119001000066980007012022090503                                                                            
34213559178000119001000066980007012022090503                                                                            
34213559178000119001000066980007012022090503                                                                            
34213559178000119001000066980007012022090503                                                                            
34213559178000119001000066980007012022090503                                                                            
34213559178000119001000066990007012022090503                                                                            
34213559178000119001000066990007012022090503                                                                            
34213559178000119001000066990007012022090503                                                                            
34213559178000119001000066990007012022090503                                                                            
34213559178000119001000066990007012022090503                                                                            
34213559178000119001000066990007012022090503                                                                            
34213559178000119001000066990007012022090503                                                                            
34213559178000119001000066960107012022170003                                                                            
34213559178000119001000066960107012022170003                                                                            
34213559178000119001000066960107012022170003                                                                            
34213559178000119001000066960107012022170003                                                                            
34213559178000119001000066960107012022170003                                                                            
34213559178000119001000066960107012022170003                                                                            
34213559178000119001000066970107012022170003                                                                            
34213559178000119001000066970107012022170003                                                                            
34213559178000119001000066970107012022170003                                                                            
34213559178000119001000066970107012022170003                                                                            
34213559178000119001000066970107012022170003                                                                            
34213559178000119001000066970107012022170003                                                                            
34213559178000119001000066970107012022170003                                                                            
34213559178000119001000066980107012022170003                                                                            
34213559178000119001000066980107012022170003                                                                            
34213559178000119001000066980107012022170003                                                                            
34213559178000119001000066980107012022170003                                                                            
34213559178000119001000066980107012022170003                                                                            
34213559178000119001000066980107012022170003                                                                            
34213559178000119001000066980107012022170003                                                                            
34213559178000119001000066980107012022170003                                                                            
34213559178000119001000066990107012022170003                                                                            
34213559178000119001000066990107012022170003                                                                            
34213559178000119001000066990107012022170003                                                                            
34213559178000119001000066990107012022170003                                                                            
34213559178000119001000066990107012022170003                                                                            
34213559178000119001000066990107012022170003                                                                            
34213559178000119001000066990107012022170003                                                                            
34213559178000119001000067000010012022090503                                                                            
34213559178000119001000067000010012022090503                                                                            
34213559178000119001000067000010012022090503                                                                            
34213559178000119001000067000010012022090503                                                                            
34213559178000119001000067000010012022090503                                                                            
34213559178000119001000067000010012022090503                                                                            
34213559178000119001000066970110012022170003                                                                            
34213559178000119001000067000110012022170003                                                                            
34213559178000119001000067000110012022170003                                                                            
34213559178000119001000067000110012022170003                                                                            
34213559178000119001000067000110012022170003                                                                            
34213559178000119001000067000110012022170003                                                                            
34213559178000119001000067000110012022170003                                                                            
34213559178000119001000067000012012022090603                                                                            
34213559178000119001000067000012012022090603                                                                            
34213559178000119001000067010012012022090603                                                                            
34213559178000119001000067010012012022090603                                                                            
34213559178000119001000067010012012022090603                                                                            
34213559178000119001000067010012012022090603                                                                            
34213559178000119001000067020012012022090603                                                                            
34213559178000119001000067020012012022090603                                                                            
34213559178000119001000067020012012022090603                                                                            
34213559178000119001000067020012012022090603                                                                            
34213559178000119001000067020012012022090603                                                                            
34213559178000119001000067020012012022090603                                                                            
34213559178000119001000067030012012022090603                                                                            
34213559178000119001000067030012012022090603                                                                            
34213559178000119001000067030012012022090603                                                                            
34213559178000119001000067030012012022090603                                                                            
34213559178000119001000067030012012022090603                                                                            
34213559178000119001000067030012012022090603                                                                            
34213559178000119001000067040012012022090603                                                                            
34213559178000119001000067040012012022090603                                                                            
34213559178000119001000067000112012022170003                                                                            
34213559178000119001000067000112012022170003                                                                            
34213559178000119001000067010112012022170003                                                                            
34213559178000119001000067010112012022170003                                                                            
34213559178000119001000067010112012022170003                                                                            
34213559178000119001000067010112012022170003                                                                            
34213559178000119001000067020112012022170003                                                                            
34213559178000119001000067020112012022170003                                                                            
34213559178000119001000067020112012022170003                                                                            
34213559178000119001000067020112012022170003                                                                            
34213559178000119001000067020112012022170003                                                                            
34213559178000119001000067020112012022170003                                                                            
34213559178000119001000067030112012022170003                                                                            
34213559178000119001000067030112012022170003                                                                            
34213559178000119001000067030112012022170003                                                                            
34213559178000119001000067030112012022170003                                                                            
34213559178000119001000067030112012022170003                                                                            
34213559178000119001000067030112012022170003                                                                            
34213559178000119001000067040112012022170003                                                                            
34213559178000119001000067040112012022170003                                                                            
34213559178000119001000067010014012022094803                                                                            
34213559178000119001000067010014012022094803                                                                            
34213559178000119001000067010014012022094803                                                                            
34213559178000119001000067010014012022094803                                                                            
34213559178000119001000067010014012022094803                                                                            
34213559178000119001000067010014012022094803                                                                            
34213559178000119001000067040014012022094803                                                                            
34213559178000119001000067040014012022094803                                                                            
34213559178000119001000067040014012022094803                                                                            
34213559178000119001000067050014012022094803                                                                            
34213559178000119001000067050014012022094803                                                                            
34213559178000119001000067040014012022104803                                                                            
34213559178000119001000067040014012022104803                                                                            
34213559178000119001000067040014012022104803                                                                            
34213559178000119001000067050014012022104803                                                                            
34213559178000119001000067050014012022104803                                                                            
34213559178000119001000067060014012022104803                                                                            
34213559178000119001000067060014012022104803                                                                            
34213559178000119001000067060014012022104803                                                                            
34213559178000119001000067060014012022104803                                                                            
34213559178000119001000067060014012022104803                                                                            
34213559178000119001000067060014012022104803                                                                            
34213559178000119001000067060014012022104803                                                                            
34213559178000119001000067060014012022104803                                                                            
34213559178000119001000067070014012022104803                                                                            
34213559178000119001000067040114012022170003                                                                            
34213559178000119001000067040114012022170003                                                                            
34213559178000119001000067040114012022170003                                                                            
34213559178000119001000067040114012022170003                                                                            
34213559178000119001000067040114012022170003                                                                            
34213559178000119001000067050114012022170003                                                                            
34213559178000119001000067050114012022170003                                                                            
34213559178000119001000067050114012022170003                                                                            
34213559178000119001000067050114012022170003                                                                            
34213559178000119001000067060114012022170003                                                                            
34213559178000119001000067060114012022170003                                                                            
34213559178000119001000067060114012022170003                                                                            
34213559178000119001000067060114012022170003                                                                            
34213559178000119001000067060114012022170003                                                                            
34213559178000119001000067060114012022170003                                                                            
34213559178000119001000067060114012022170003                                                                            
34213559178000119001000067060114012022170003                                                                            
34213559178000119001000067070114012022170003                                                                            
34213559178000119001000067020017012022084203                                                                            
34213559178000119001000067020017012022084203                                                                            
34213559178000119001000067030017012022084203                                                                            
34213559178000119001000067030017012022084203                                                                            
34213559178000119001000067040017012022084203                                                                            
34213559178000119001000067050017012022084203                                                                            
34213559178000119001000067050017012022084203                                                                            
34213559178000119001000067070017012022084203                                                                            
34213559178000119001000067070017012022084203                                                                            
34213559178000119001000067010117012022170003                                                                            
34213559178000119001000067010117012022170003                                                                            
34213559178000119001000067010117012022170003                                                                            
34213559178000119001000067010117012022170003                                                                            
34213559178000119001000067010117012022170003                                                                            
34213559178000119001000067010117012022170003                                                                            
34213559178000119001000067020117012022170003                                                                            
34213559178000119001000067020117012022170003                                                                            
34213559178000119001000067030117012022170003                                                                            
34213559178000119001000067030117012022170003                                                                            
34213559178000119001000067040117012022170003                                                                            
34213559178000119001000067040117012022170003                                                                            
34213559178000119001000067050117012022170003                                                                            
34213559178000119001000067050117012022170003                                                                            
34213559178000119001000067070117012022170003                                                                            
34213559178000119001000067070117012022170003                                                                            
34213559178000119001000067070019012022125903                                                                            
34213559178000119001000067070019012022125903                                                                            
34213559178000119001000067070019012022125903                                                                            
34213559178000119001000067070019012022125903                                                                            
34213559178000119001000067080019012022125903                                                                            
34213559178000119001000067080019012022125903                                                                            
34213559178000119001000067070119012022170003                                                                            
34213559178000119001000067070119012022170003                                                                            
34213559178000119001000067070119012022170003                                                                            
34213559178000119001000067070119012022170003                                                                            
34213559178000119001000067080119012022170003                                                                            
34213559178000119001000067080119012022170003                                                                            
34213559178000119001000067020024012022074703                                                                            
34213559178000119001000067080024012022074703                                                                            
34213559178000119001000067080024012022074703                                                                            
34213559178000119001000067080024012022074703                                                                            
34213559178000119001000067080024012022074703                                                                            
34213559178000119001000067080024012022074703                                                                            
34213559178000119001000067080024012022074703                                                                            
34213559178000119001000067090024012022074703                                                                            
34213559178000119001000067090024012022074703                                                                            
34213559178000119001000067090024012022074703                                                                            
34213559178000119001000067090024012022074703                                                                            
34213559178000119001000067090024012022074703                                                                            
34213559178000119001000067090024012022074703                                                                            
34213559178000119001000067090024012022074703                                                                            
34213559178000119001000067090024012022074703                                                                            
34213559178000119001000067090024012022074703                                                                            
34213559178000119001000067100024012022074703                                                                            
34213559178000119001000067100024012022074703                                                                            
34213559178000119001000067100024012022074703                                                                            
34213559178000119001000067100024012022074703                                                                            
34213559178000119001000067100024012022074703                                                                            
34213559178000119001000067100024012022074703                                                                            
34213559178000119001000067110024012022074703                                                                            
34213559178000119001000067110024012022074703                                                                            
34213559178000119001000067110024012022074703                                                                            
34213559178000119001000067110024012022074703                                                                            
34213559178000119001000067110024012022074703                                                                            
34213559178000119001000067110024012022074703                                                                            
34213559178000119001000067110024012022074703                                                                            
34213559178000119001000067110024012022074703                                                                            
34213559178000119001000067110024012022074703                                                                            
34213559178000119001000067120024012022074703                                                                            
34213559178000119001000067120024012022074703                                                                            
34213559178000119001000067020124012022170003                                                                            
34213559178000119001000067080124012022170003                                                                            
34213559178000119001000067080124012022170003                                                                            
34213559178000119001000067080124012022170003                                                                            
34213559178000119001000067080124012022170003                                                                            
34213559178000119001000067080124012022170003                                                                            
34213559178000119001000067080124012022170003                                                                            
34213559178000119001000067090124012022170003                                                                            
34213559178000119001000067090124012022170003                                                                            
34213559178000119001000067090124012022170003                                                                            
34213559178000119001000067090124012022170003                                                                            
34213559178000119001000067090124012022170003                                                                            
34213559178000119001000067090124012022170003                                                                            
34213559178000119001000067090124012022170003                                                                            
34213559178000119001000067090124012022170003                                                                            
34213559178000119001000067090124012022170003                                                                            
34213559178000119001000067100124012022170003                                                                            
34213559178000119001000067100124012022170003                                                                            
34213559178000119001000067100124012022170003                                                                            
34213559178000119001000067100124012022170003                                                                            
34213559178000119001000067100124012022170003                                                                            
34213559178000119001000067100124012022170003                                                                            
34213559178000119001000067110124012022170003                                                                            
34213559178000119001000067110124012022170003                                                                            
34213559178000119001000067110124012022170003                                                                            
34213559178000119001000067110124012022170003                                                                            
34213559178000119001000067110124012022170003                                                                            
34213559178000119001000067110124012022170003                                                                            
34213559178000119001000067110124012022170003                                                                            
34213559178000119001000067110124012022170003                                                                            
34213559178000119001000067110124012022170003                                                                            
34213559178000119001000067120124012022170003                                                                            
34213559178000119001000067120124012022170003                                                                            
34213559178000119001000067120026012022083703                                                                            
34213559178000119001000067130026012022083703                                                                            
34213559178000119001000067130026012022094003                                                                            
34213559178000119001000067130026012022094003                                                                            
34213559178000119001000067130026012022094003                                                                            
34213559178000119001000067130026012022094003                                                                            
34213559178000119001000067120126012022170003                                                                            
34213559178000119001000067130126012022170003                                                                            
34213559178000119001000067130126012022170003                                                                            
34213559178000119001000067130126012022170003                                                                            
34213559178000119001000067130126012022170003                                                                            
34213559178000119001000067130126012022170003                                                                            
34213559178000119001000067140028012022115603                                                                            
34213559178000119001000067140028012022115603                                                                            
34213559178000119001000067140028012022115603                                                                            
34213559178000119001000067140028012022115603                                                                            
34213559178000119001000067140028012022115603                                                                            
34213559178000119001000067150028012022115603                                                                            
34213559178000119001000067150028012022115603                                                                            
34213559178000119001000067150028012022115603                                                                            
34213559178000119001000067150028012022115603                                                                            
34213559178000119001000067150028012022115603                                                                            
34213559178000119001000067150028012022115603                                                                            
34213559178000119001000067140128012022170003                                                                            
34213559178000119001000067140128012022170003                                                                            
34213559178000119001000067140128012022170003                                                                            
34213559178000119001000067140128012022170003                                                                            
34213559178000119001000067140128012022170003                                                                            
34213559178000119001000067150128012022170003                                                                            
34213559178000119001000067150128012022170003                                                                            
34213559178000119001000067150128012022170003                                                                            
34213559178000119001000067150128012022170003                                                                            
34213559178000119001000067150128012022170003                                                                            
34213559178000119001000067150128012022170003                                                                            
34213559178000119001000067150031012022094003                                                                            
34213559178000119001000067160031012022094003                                                                            
34213559178000119001000067160031012022094003                                                                            
34213559178000119001000067140031012022134203                                                                            
34213559178000119001000067140131012022170003                                                                            
34213559178000119001000067150131012022170003                                                                            
34213559178000119001000067160131012022170003                                                                            
34213559178000119001000067160131012022170003                                                                            
34213559178000119001000067160002022022130003                                                                            
34213559178000119001000067160002022022130003                                                                            
34213559178000119001000067170002022022130003                                                                            
34213559178000119001000067170002022022130003                                                                            
34213559178000119001000067170002022022130003                                                                            
34213559178000119001000067160102022022170003                                                                            
34213559178000119001000067160102022022170003                                                                            
34213559178000119001000067170102022022170003                                                                            
34213559178000119001000067170102022022170003                                                                            
34213559178000119001000067170102022022170003                                                                            
34213559178000119001000067170004022022091503                                                                            
34213559178000119001000067170004022022091503                                                                            
34213559178000119001000067170004022022091503                                                                            
34213559178000119001000067170004022022091503                                                                            
34213559178000119001000067170104022022170003                                                                            
34213559178000119001000067170104022022170003                                                                            
34213559178000119001000067170104022022170003                                                                            
34213559178000119001000067170104022022170003                                                                            
34213559178000119001000067220007022022092503                                                                            
34213559178000119001000067220007022022092503                                                                            
34213559178000119001000067220007022022092503                                                                            
34213559178000119001000067220007022022092503                                                                            
34213559178000119001000067230007022022092503                                                                            
34213559178000119001000067170007022022124403                                                                            
34213559178000119001000067170007022022124403                                                                            
34213559178000119001000067180007022022124403                                                                            
34213559178000119001000067180007022022124403                                                                            
34213559178000119001000067180007022022124403                                                                            
34213559178000119001000067180007022022124403                                                                            
34213559178000119001000067180007022022124403                                                                            
34213559178000119001000067180007022022124403                                                                            
34213559178000119001000067180007022022124403                                                                            
34213559178000119001000067190007022022124403                                                                            
34213559178000119001000067190007022022124403                                                                            
34213559178000119001000067190007022022124403                                                                            
34213559178000119001000067190007022022124403                                                                            
34213559178000119001000067190007022022124403                                                                            
34213559178000119001000067190007022022124403                                                                            
34213559178000119001000067190007022022124403                                                                            
34213559178000119001000067190007022022124403                                                                            
34213559178000119001000067200007022022124403                                                                            
34213559178000119001000067200007022022124403                                                                            
34213559178000119001000067200007022022124403                                                                            
34213559178000119001000067200007022022124403                                                                            
34213559178000119001000067200007022022124403                                                                            
34213559178000119001000067200007022022124403                                                                            
34213559178000119001000067210007022022124403                                                                            
34213559178000119001000067210007022022124403                                                                            
34213559178000119001000067170107022022170003                                                                            
34213559178000119001000067170107022022170003                                                                            
34213559178000119001000067180107022022170003                                                                            
34213559178000119001000067180107022022170003                                                                            
34213559178000119001000067180107022022170003                                                                            
34213559178000119001000067180107022022170003                                                                            
34213559178000119001000067180107022022170003                                                                            
34213559178000119001000067180107022022170003                                                                            
34213559178000119001000067180107022022170003                                                                            
34213559178000119001000067190107022022170003                                                                            
34213559178000119001000067190107022022170003                                                                            
34213559178000119001000067190107022022170003                                                                            
34213559178000119001000067190107022022170003                                                                            
34213559178000119001000067190107022022170003                                                                            
34213559178000119001000067190107022022170003                                                                            
34213559178000119001000067190107022022170003                                                                            
34213559178000119001000067190107022022170003                                                                            
34213559178000119001000067200107022022170003                                                                            
34213559178000119001000067200107022022170003                                                                            
34213559178000119001000067200107022022170003                                                                            
34213559178000119001000067200107022022170003                                                                            
34213559178000119001000067200107022022170003                                                                            
34213559178000119001000067200107022022170003                                                                            
34213559178000119001000067210107022022170003                                                                            
34213559178000119001000067210107022022170003                                                                            
34213559178000119001000067220107022022170003                                                                            
34213559178000119001000067220107022022170003                                                                            
34213559178000119001000067220107022022170003                                                                            
34213559178000119001000067220107022022170003                                                                            
34213559178000119001000067230107022022170003                                                                            
34213559178000119001000067180009022022093903                                                                            
34213559178000119001000067180009022022093903                                                                            
34213559178000119001000067210009022022093903                                                                            
34213559178000119001000067210009022022093903                                                                            
34213559178000119001000067210009022022093903                                                                            
34213559178000119001000067210009022022093903                                                                            
34213559178000119001000067220009022022093903                                                                            
34213559178000119001000067220009022022093903                                                                            
34213559178000119001000067220009022022093903                                                                            
34213559178000119001000067220009022022093903                                                                            
34213559178000119001000067230009022022093903                                                                            
34213559178000119001000067230009022022093903                                                                            
34213559178000119001000067230009022022093903                                                                            
34213559178000119001000067230009022022093903                                                                            
34213559178000119001000067230009022022093903                                                                            
34213559178000119001000067230009022022093903                                                                            
34213559178000119001000067240009022022093903                                                                            
34213559178000119001000067240009022022093903                                                                            
34213559178000119001000067240009022022093903                                                                            
34213559178000119001000067240009022022093903                                                                            
34213559178000119001000067240009022022093903                                                                            
34213559178000119001000067240009022022093903                                                                            
34213559178000119001000067240009022022093903                                                                            
34213559178000119001000067180109022022170003                                                                            
34213559178000119001000067180109022022170003                                                                            
34213559178000119001000067210109022022170003                                                                            
34213559178000119001000067210109022022170003                                                                            
34213559178000119001000067210109022022170003                                                                            
34213559178000119001000067210109022022170003                                                                            
34213559178000119001000067220109022022170003                                                                            
34213559178000119001000067220109022022170003                                                                            
34213559178000119001000067220109022022170003                                                                            
34213559178000119001000067220109022022170003                                                                            
34213559178000119001000067230109022022170003                                                                            
34213559178000119001000067230109022022170003                                                                            
34213559178000119001000067230109022022170003                                                                            
34213559178000119001000067230109022022170003                                                                            
34213559178000119001000067230109022022170003                                                                            
34213559178000119001000067230109022022170003                                                                            
34213559178000119001000067240109022022170003                                                                            
34213559178000119001000067240109022022170003                                                                            
34213559178000119001000067240109022022170003                                                                            
34213559178000119001000067240109022022170003                                                                            
34213559178000119001000067240109022022170003                                                                            
34213559178000119001000067240109022022170003                                                                            
34213559178000119001000067240109022022170003                                                                            
34213559178000119001000067240011022022122803                                                                            
34213559178000119001000067250011022022122803                                                                            
34213559178000119001000067250011022022122803                                                                            
34213559178000119001000067250011022022122803                                                                            
34213559178000119001000067250011022022122803                                                                            
34213559178000119001000067250011022022122803                                                                            
34213559178000119001000067250011022022122803                                                                            
34213559178000119001000067250011022022122803                                                                            
34213559178000119001000067260011022022122803                                                                            
34213559178000119001000067260011022022122803                                                                            
34213559178000119001000067260011022022122803                                                                            
34213559178000119001000067260011022022122803                                                                            
34213559178000119001000067260011022022122803                                                                            
34213559178000119001000067260011022022122803                                                                            
34213559178000119001000067260011022022122803                                                                            
34213559178000119001000067270011022022122803                                                                            
34213559178000119001000067270011022022122803                                                                            
34213559178000119001000067270011022022122803                                                                            
34213559178000119001000067270011022022122803                                                                            
34213559178000119001000067240111022022170003                                                                            
34213559178000119001000067250111022022170003                                                                            
34213559178000119001000067250111022022170003                                                                            
34213559178000119001000067250111022022170003                                                                            
34213559178000119001000067250111022022170003                                                                            
34213559178000119001000067250111022022170003                                                                            
34213559178000119001000067250111022022170003                                                                            
34213559178000119001000067250111022022170003                                                                            
34213559178000119001000067260111022022170003                                                                            
34213559178000119001000067260111022022170003                                                                            
34213559178000119001000067260111022022170003                                                                            
34213559178000119001000067260111022022170003                                                                            
34213559178000119001000067260111022022170003                                                                            
34213559178000119001000067260111022022170003                                                                            
34213559178000119001000067260111022022170003                                                                            
34213559178000119001000067270111022022170003                                                                            
34213559178000119001000067270111022022170003                                                                            
34213559178000119001000067270111022022170003                                                                            
34213559178000119001000067270111022022170003                                                                            
34213559178000119001000067190014022022071703                                                                            
34213559178000119001000067200014022022071703                                                                            
34213559178000119001000067200014022022071703                                                                            
34213559178000119001000067200014022022071703                                                                            
34213559178000119001000067260014022022071703                                                                            
34213559178000119001000067260014022022071703                                                                            
34213559178000119001000067260014022022071703                                                                            
34213559178000119001000067270014022022081703                                                                            
34213559178000119001000067270014022022081703                                                                            
34213559178000119001000067270014022022081703                                                                            
34213559178000119001000067280014022022081703                                                                            
34213559178000119001000067280014022022081703                                                                            
34213559178000119001000067280014022022081703                                                                            
34213559178000119001000067280014022022081703                                                                            
34213559178000119001000067280014022022081703                                                                            
34213559178000119001000067280014022022081703                                                                            
